-3.346683535071204751e+00
-3.160578757475618339e+00
-2.964197490128208656e+00
-2.757907595051121152e+00
-2.542106734289991454e+00
-2.317221766608344335e+00
-2.083708088598358543e+00
-1.842048899852296806e+00
-1.592754388606053118e+00
-1.336360840203137279e+00
-1.073429699327132170e+00
-8.045465489139295157e-01
-5.303200431219140532e-01
-2.513807702452020565e-01
3.161992180014422393e-02
3.180111500594290375e-01
6.071037596511643653e-01
8.981916181995666104e-01
1.190552925045069710e+00
1.483451534265695981e+00
1.776138277563884316e+00
2.067852260528811659e+00
2.357822136792322443e+00
2.645267319828978003e+00
2.929399119765733417e+00
3.209421777752397897e+00
3.484533353887728335e+00
3.753926451555713584e+00
4.016788716558184369e+00
4.272303068663372727e+00
4.519647605686484937e+00
4.757995115001106612e+00
4.986512120603706855e+00
5.204357394641359491e+00
5.410679826421145755e+00
5.604615619324373910e+00
5.785284725278000195e+00
5.951786481995427813e+00
6.103194475724676771e+00
6.238550725623745130e+00
6.356859403707629141e+00
6.457080480398055045e+00
6.538123941681646123e+00
6.598845507387842702e+00
6.638045246793195631e+00
6.654470897875614632e+00
6.646828296833263927e+00
6.613801637259167698e+00
6.554087061744158227e+00
6.466442264878060620e+00
6.349755089662668439e+00
6.203132003152274976e+00
6.026004919701348328e+00
5.818251098334145333e+00
5.580316044223281757e+00
5.313324384873816086e+00
5.019159924346549673e+00
4.700494707096734892e+00
4.360750053492925105e+00
4.003980446228176504e+00
3.634683293357302780e+00
3.257551608151570299e+00
2.877198705283437796e+00
2.497890657790658775e+00
2.123321225761622522e+00
1.756455497104138175e+00
1.399455230871677669e+00
1.053684559805766474e+00
7.197828178384688691e-01
3.977842021195382438e-01
8.726201880125496191e-02
-2.125226123575713055e-01
-5.024829702027507894e-01
-7.835896908343121803e-01
-1.056779154321764169e+00
-1.322887899797130506e+00
-1.582610904791673434e+00
-1.836480001255089256e+00
-2.084858088005804966e+00
-2.327944846473310569e+00
-2.565790118548078258e+00
-2.798311752697043353e+00
-3.025315433751994743e+00
-3.246514686647486769e+00
-3.461549837681109576e+00
-3.670005203248180692e+00
-3.871424150888288285e+00
-4.065321951312485638e+00
-4.251196520182878302e+00
-4.428537258061883364e+00
-4.596832249662398340e+00
-4.755574095688287706e+00
-4.904264638097084905e+00
-5.042418809539476854e+00
-5.169567804287491519e+00
-5.285261730232052813e+00
-5.389071867467650989e+00
-5.480592630355232586e+00
-5.559443302440956636e+00
-5.625269596156869056e+00
-5.677745074293802041e+00
-5.716572455758631044e+00
-5.741484821879406120e+00
-5.752246734613207124e+00
-5.748655269819572311e+00
-5.730540970313565907e+00
-5.697768719074311150e+00
-5.650238531242063544e+00
-5.587886265671079933e+00
-5.510684252639322267e+00
-5.418641836984130045e+00
-5.311805835139172594e+00
-5.190260902687878541e+00
-5.054129813230733070e+00
-4.903573645702629769e+00
-4.738791877436024258e+00
-4.560022384744804036e+00
-4.367541347801479290e+00
-4.161663051438310390e+00
-3.942739638176036898e+00
-3.711160678312991124e+00
-3.467352720242613540e+00
-3.211778731103065887e+00
-2.944937405340113834e+00
-2.667362429405402136e+00
-2.379621650911740716e+00
-2.082316126978630777e+00
-1.776079121578176601e+00
-1.461575004701961999e+00
-1.139498110628607286e+00
-8.105714813808870822e-01
-4.755455803179847174e-01
-1.351969408282411855e-01
2.096732270242775975e-01
5.582404602493755696e-01
9.096584843378565655e-01
1.263060653858834703e+00
1.617561370395782738e+00
1.972257453265611638e+00
2.326229423445894451e+00
2.678542668753368883e+00
3.028248433928288463e+00
3.374384571628866070e+00
3.715975972997123566e+00
4.052034570466175545e+00
4.381558793366559179e+00
4.703532303520979951e+00
5.016921800863627823e+00
5.320673636961535280e+00
5.613708900837068860e+00
5.894916580902011205e+00
6.163144266086554524e+00
6.417185791302068232e+00
6.655765089281900693e+00
6.877515391100025965e+00
7.080952887574393451e+00
7.264443995155942524e+00
7.426165441787369481e+00
7.564057008028600038e+00
7.675767643722766209e+00
7.758597395627909954e+00
7.809440416312086519e+00
7.824738584647684014e+00
7.800461261476918651e+00
7.732134476237513709e+00
7.614951125173551105e+00
7.444000716885498470e+00
7.214657542607529450e+00
6.923153194868508109e+00
6.567325218977724255e+00
6.147473596862270462e+00
5.667178045731585456e+00
5.133856577337420291e+00
4.558823111290829289e+00
3.956671464195352428e+00
3.343983956504811950e+00
2.737582828539656621e+00
2.152712780504625556e+00
1.601572112783024027e+00
1.092481884732847908e+00
6.297659669890420808e-01
2.142149322498064778e-01
-1.561023681971302757e-01
-4.849218854599704476e-01
-7.769428573947825267e-01
-1.037159481437339492e+00
-1.270392965828894605e+00
-1.481006103691166809e+00
-1.672761795909740501e+00
-1.848783145488825941e+00
-2.011577997707251431e+00
-2.163099373773095024e+00
-2.304821836910746935e+00
-2.437820974563860155e+00
-2.562848509554059184e+00
-2.680399226933936951e+00
-2.790768270657412398e+00
-2.894098784614089759e+00
-2.990420649290854271e+00
-3.079681424816816282e+00
